epochs train test
0       38.272    44.12
1       53.306    53.81
2       61.006    63.62
3       65.726    67.62
4       69.642    69.12
5       72.948    75.17
6       74.984    75.99
7       77.136    75.02
8       78.34    78.69
9       79.624    76.74
10       80.244    79.26
11       81.46    81.6
12       82.086    80.24
13       82.706    81.58
14       83.418    81.92
15       84.032    82.56
16       84.384    82.07
17       85.184    81.53
18       85.294    82.57
19       85.838    82.87
20       86.212    83.67
21       86.514    84.06
22       86.81    82.4
23       87.27    84.3
24       87.468    86.1
25       87.744    84.26
26       88.082    84.55
27       88.112    85.04
28       88.196    86.4
29       88.716    84.69
30       88.778    85.96
31       88.918    87.25
32       89.128    86.41
33       89.284    85.96
34       89.528    85.65
35       89.544    85.72
36       89.678    86.36
37       89.624    86.39
38       89.872    85.39
39       89.798    87.35
40       90.016    87.01
41       90.05    86.43
42       90.21    87.06
43       90.304    85.52
44       90.458    84.66
45       90.532    87.07
46       90.506    86.88
47       90.69    86.62
48       90.722    86.55
49       90.828    86.28
50       90.894    87.09
51       90.928    87.59
52       91.0    86.81
53       90.962    88.06
54       91.34    88.07
55       91.146    87.33
56       91.158    86.44
57       91.22    88.03
58       91.242    86.71
59       91.182    88.65
60       91.52    87.15
61       91.426    87.68
62       91.556    88.05
63       91.416    86.65
64       91.906    87.89
65       91.696    87.71
66       91.828    87.81
67       91.856    87.33
68       92.014    86.42
69       91.914    88.01
70       91.812    88.66
71       91.902    88.09
72       91.91    87.68
73       92.1    88.06
74       92.356    86.59
75       92.088    88.39
76       92.118    87.51
77       92.064    87.52
78       92.17    86.87
79       92.23    87.55
80       94.864    90.87
81       95.306    90.6
82       95.352    90.83
83       95.71    90.43
84       95.476    89.68
85       95.506    90.89
86       95.572    89.92
87       95.7    90.32
88       95.506    90.69
89       95.48    90.03
90       95.486    90.49
91       95.662    90.73
92       95.182    90.09
93       95.364    89.87
94       95.516    90.93
95       95.638    90.38
96       95.196    90.28
97       95.276    89.61
98       95.172    90.16
99       95.304    90.24
100       95.354    89.69
101       95.302    89.08
102       95.374    90.31
103       95.378    90.29
104       95.18    89.67
105       95.232    88.78
106       95.116    89.89
107       95.356    89.66
108       95.238    90.31
109       95.042    90.38
110       95.256    89.05
111       95.202    89.86
112       95.3    88.88
113       95.35    90.27
114       95.288    90.12
115       95.2    89.55
116       95.084    89.46
117       95.258    89.73
118       95.28    90.08
119       95.286    89.04
120       97.142    91.08
121       97.66    91.72
122       97.77    91.48
123       97.79    91.87
124       97.886    91.32
125       97.97    91.68
126       98.058    91.29
127       97.81    90.75
128       98.038    91.95
129       97.95    91.53
130       97.83    91.44
131       97.87    91.45
132       97.776    91.57
133       97.836    91.11
134       97.826    91.43
135       97.998    91.06
136       97.772    91.64
137       97.806    90.87
138       97.646    91.35
139       97.684    90.88
140       97.636    91.03
141       97.806    91.09
142       97.718    91.51
143       97.704    90.59
144       97.704    91.3
145       97.686    90.5
146       97.448    90.63
147       97.676    90.93
148       97.824    90.82
149       97.664    90.71
150       97.514    90.87
151       97.692    90.92
152       97.606    91.32
153       97.524    90.85
154       97.392    90.65
155       97.648    90.95
156       97.564    90.56
157       97.418    90.43
158       97.394    90.65
159       97.354    90.75
160       97.576    90.87
161       97.284    90.61
162       97.384    89.64
163       97.374    90.7
164       97.342    91.36
165       97.406    90.93
166       97.602    90.44
167       97.252    90.74
168       97.386    90.75
169       97.342    90.3
170       97.396    89.25
171       97.33    90.78
172       97.548    90.44
173       97.352    90.68
174       97.448    91.05
175       97.188    89.8
176       97.264    90.3
177       97.372    90.22
178       97.43    90.84
179       97.282    90.44
180       97.31    91.28
181       97.298    90.27
182       97.42    89.88
183       97.33    90.99
184       97.2    90.75
185       97.454    90.25
186       97.148    90.74
187       97.27    91.02
188       97.152    90.84
189       97.578    90.62
190       97.214    90.8
191       97.2    90.32
192       97.19    91.02
193       97.33    91.18
194       97.204    90.66
195       97.104    90.43
196       97.128    91.28
197       97.376    91.16
198       97.478    91.04
199       97.328    90.96
200       98.746    92.24
201       99.128    92.4
202       99.314    92.55
203       99.354    92.43
204       99.408    92.35
205       99.43    92.45
206       99.518    92.62
207       99.52    92.61
208       99.51    92.65
209       99.504    92.72
210       99.586    92.48
211       99.62    92.71
212       99.594    92.56
213       99.52    92.7
214       99.558    92.82
215       99.584    92.25
216       99.608    92.36
217       99.666    92.47
218       99.6    92.6
219       99.64    92.61
220       99.642    92.49
221       99.676    92.73
222       99.652    92.49
223       99.706    92.64
224       99.714    92.52
225       99.66    92.46
226       99.646    92.12
227       99.712    92.31
228       99.694    92.54
229       99.612    92.5
230       99.72    92.52
231       99.704    92.57
232       99.668    92.55
233       99.722    92.58
234       99.662    92.16
235       99.686    92.47
236       99.704    92.58
237       99.71    92.78
238       99.706    92.54
239       99.676    92.41
240       99.708    92.36
241       99.676    92.27
242       99.71    92.33
243       99.684    92.39
244       99.694    92.32
245       99.708    92.26
246       99.708    91.98
247       99.632    92.09
248       99.678    92.3
249       99.684    92.45
250       99.696    92.17
251       99.704    92.37
252       99.696    92.16
253       99.664    92.13
254       99.708    92.21
255       99.706    91.95
256       99.726    92.08
257       99.66    92.35
258       99.726    92.23
259       99.682    92.32
260       99.732    92.13
261       99.69    92.18
262       99.698    92.53
263       99.646    92.18
264       99.686    92.1
265       99.64    92.09
266       99.698    92.29
267       99.694    92.05
268       99.7    91.73
269       99.72    92.28
270       99.722    92.05
271       99.654    92.2
272       99.742    92.34
273       99.708    91.92
274       99.73    92.09
275       99.686    92.44
276       99.716    92.28
277       99.704    92.22
278       99.696    92.37
279       99.682    92.23
280       99.704    92.19
281       99.67    92.32
282       99.692    92.2
283       99.676    92.16
284       99.63    92.38
285       99.676    92.53
286       99.7    92.15
287       99.68    92.05
288       99.614    91.89
289       99.642    92.07
290       99.694    92.27
291       99.718    92.17
292       99.702    92.37
293       99.698    92.1
294       99.722    92.31
295       99.656    92.23
296       99.656    91.99
297       99.686    92.28
298       99.65    92.26
299       99.742    92.38
300       99.698    92.01
301       99.748    91.9
302       99.622    92.03
303       99.61    92.35
304       99.672    92.19
305       99.644    92.2
306       99.694    92.0
307       99.648    92.41
308       99.674    91.95
309       99.64    92.0
310       99.694    91.96
311       99.674    91.86
312       99.586    91.95
313       99.646    92.11
314       99.716    92.03
315       99.636    92.05
316       99.606    92.18
317       99.674    92.18
318       99.632    92.02
319       99.68    92.02
320       99.68    92.3
321       99.654    92.17
322       99.648    91.9
323       99.674    92.17
324       99.674    92.04
325       99.66    92.26
326       99.634    92.14
327       99.63    92.02
328       99.618    92.1
329       99.688    91.78
330       99.658    91.82
331       99.604    92.12
332       99.62    91.97
333       99.698    92.26
334       99.62    92.13
335       99.588    92.3
336       99.59    91.93
337       99.59    91.99
338       99.66    92.08
339       99.662    91.83
340       99.614    92.15
341       99.612    91.98
342       99.704    91.91
343       99.65    92.01
344       99.572    92.13
345       99.564    91.97
346       99.602    92.16
347       99.608    92.11
348       99.532    92.31
349       99.566    92.06
350       99.61    91.77
351       99.65    91.98
352       99.642    91.79
353       99.642    92.17
354       99.574    92.1
355       99.666    91.82
356       99.598    91.91
357       99.716    92.35
358       99.62    92.22
359       99.69    91.9
360       99.586    92.12
361       99.616    91.99
362       99.604    92.11
363       99.584    91.96
364       99.65    91.61
365       99.524    92.19
366       99.624    91.95
367       99.624    91.9
368       99.536    91.74
369       99.574    91.94
370       99.556    91.99
371       99.54    92.15
372       99.6    92.35
373       99.576    91.97
374       99.628    92.08
375       99.494    91.98
376       99.584    92.12
377       99.566    92.2
378       99.572    92.25
379       99.564    91.76
380       99.526    92.08
381       99.622    91.76
382       99.548    91.93
383       99.632    91.63
384       99.59    91.79
385       99.578    91.71
386       99.524    92.51
387       99.572    92.26
388       99.5    91.99
389       99.55    92.37
390       99.662    91.71
391       99.53    91.91
392       99.512    92.16
393       99.55    92.1
394       99.574    91.75
395       99.45    91.75
396       99.54    91.85
397       99.556    91.63
398       99.546    91.52
399       99.558    91.76
400       99.562    91.81
401       99.496    92.02
402       99.548    91.52
403       99.564    92.02
404       99.5    91.84
405       99.568    91.94
406       99.49    91.52
407       99.462    92.08
408       99.5    92.06
409       99.49    92.08
410       99.484    91.1
411       99.462    91.75
412       99.482    91.69
413       99.526    92.04
414       99.414    91.72
415       99.482    91.7
416       99.468    91.89
417       99.438    91.83
418       99.48    91.89
419       99.502    91.52
420       99.384    92.42
421       99.592    91.73
422       99.492    91.63
423       99.432    91.79
424       99.498    91.62
425       99.486    91.81
426       99.368    91.49
427       99.42    91.93
428       99.476    91.6
429       99.416    91.91
430       99.412    91.89
431       99.45    91.84
432       99.498    91.74
433       99.454    91.81
434       99.376    91.67
435       99.406    91.72
436       99.508    91.9
437       99.568    91.79
438       99.536    92.13
439       99.484    91.77
440       99.392    91.97
441       99.418    92.0
442       99.434    92.16
443       99.452    91.94
444       99.404    92.17
445       99.5    91.78
446       99.41    91.84
447       99.522    91.49
448       99.348    91.63
449       99.42    91.73
450       99.434    92.02
451       99.412    91.89
452       99.438    91.72
453       99.494    91.79
454       99.454    91.63
455       99.386    92.03
456       99.464    92.03
457       99.446    91.63
458       99.34    91.73
459       99.422    91.98
460       99.386    91.67
461       99.42    91.84
462       99.496    91.78
463       99.36    91.99
464       99.44    91.84
465       99.434    91.85
466       99.382    91.72
467       99.352    91.51
468       99.442    91.66
469       99.37    91.81
470       99.354    91.88
471       99.408    91.65
472       99.358    91.6
473       99.346    91.55
474       99.332    91.8
475       99.45    91.71
476       99.346    91.43
477       99.238    91.32
478       99.32    91.88
479       99.328    91.87
480       99.52    91.62
481       99.324    91.24
482       99.378    92.03
483       99.354    91.55
484       99.398    91.95
485       99.386    92.2
486       99.394    92.03
487       99.222    92.21
488       99.354    91.88
489       99.304    91.84
490       99.282    91.32
491       99.344    92.04
492       99.378    91.84
493       99.316    91.58
494       99.218    91.78
495       99.326    91.75
496       99.404    91.76
497       99.468    91.71
498       99.36    91.7
499       99.252    91.67
